a_s = 2.19e-09
baryon_fraction = 0.16
consistency_module_was_used = True
h0 = 0.69
hubble = 69.0
k = -0.0
mnu = 0.0773
n_s = 0.97
nnu = 3.046
num_massive_neutrinos = 3
ombh2 = 0.022852799999999996
omch2 = 0.11914598753806634
omega_b = 0.048
omega_c = 0.2502541221131408
omega_k = 0.0
omega_lambda = 0.7
omega_m = 0.3
omega_nu = 0.0017458778868591786
omlamh2 = 0.3332699999999999
ommh2 = 0.14282999999999998
omnuh2 = 0.0008312124619336547
tau = 0.0697186
tcmb = 2.7255
w = -1.0
wa = 0.0
yhe = 0.24832654986055203
