age = 13.658135730995836
chistar = 13818.80169196994
cmbshift = 1.7420727986653437
dastar = 13.819041045356528
kd = 0.14144321932028828
keq = 0.01035631016069249
nz = 401
rdrag = 146.77859108831782
rs_zdrag = 146.77859108831782
rstar = 144.277537102571
thetad = 0.16072736815589558
thetaeq = 0.8186354515371823
thetarseq = 0.45189959303385147
thetastar = 1.0440488354367476
zdrag = 1061.0701212085974
zeq = 3393.093626933502
zstar = 1089.3580268893343
